15,17,14,4 = ulna
11,25,6,22,9,7,22,16 = objected
9,18,1,12,22,5,26 = ciphers
4,9,5,22,26 = acres
14,4,3 = nay
19,4,15,10,22 = gauze
16,5,11,8,22 = drove
4,5,22,14,4 = arena
4,20,18,11,21 = axiom
26,22,9 = sec
14,18,19,12,7 = night
1,11,14,7,18,23,23 = pontiff
16,5,22,14,9,12,22,16 = drenched
24,22,22,17 = keel
15,14,9,11,14,26,7,5,4,18,14,22,16 = unconstrained
14,18,1,1,3 = nippy
13,5,18,19,19,17,22 = wriggle
21,22,17,11,16,5,4,21,4,7,18,9 = melodramatic
25,18,26,7,5,11 = bistro
22,17,4,1,26,22 = elapse
22,20,4,19,19,22,5,4,7,18,14,19 = exaggerating
7,11,5,2,15,22,26 = torques
26,17,18,16,22 = slide
16,18,26,5,22,26,1,22,9,7,23,15,17 = disrespectful
