1,3,6,21,24,19 = biceps
20,23,22,9,12,24 = gazump
19,9,25,26,23,12,24 = sunlamp
10,21,12,9,18 = femur
9,19,23,20,21 = usage
9,25,26,2,5,21,8 = unloved
16,23,9,25,8,3,6,21,8 = jaundiced
25,21,1,9,26,23,18 = nebular
1,18,23,17,25 = brawn
3,25,21,18,15 = inert
18,3,2,15,2,9,19 = riotous
8,3,19,24,21,26 = dispel
19,21,4,15,2,25 = sexton
1,3,19,14,9,21 = bisque
9,25,13,3,25,8 = unkind
6,2,25,20,23 = conga
16,2,1,26,21,19,19 = jobless
24,26,23,15,21,23,9 = plateau
26,3,15,7,21 = lithe
24,26,9,25,8,21,18,21,18 = plunderer
23,17,10,9,26 = awful
6,23,1,2,2,19,21 = caboose
9,25,12,2,5,21,8 = unmoved
23,26,2,10,15 = aloft
24,23,18,2,8,11 = parody
9,25,3,19,2,25 = unison
