5,10,24,24,22 = aloof
25,14,2,5,12,2,14 = greaser
19,14,18,4,4,10,7 = drizzly
2,17,5,20,13 = exact
20,24,14,6 = cork
12,2,23,2,11,13,1 = seventh
13,24,26,14,2,14 = tourer
12,13,5,11,20,2 = stance
5,20,21,26,18,14,2 = acquire
8,2,12,13 = jest
12,15,5,9,11 = spawn
5,12,15,18,14,18,11 = aspirin
14,2,15,10,2,13,2 = replete
13,1,7,3,2 = thyme
5,16,19,18,20,5,13,2 = abdicate
13,12,5,14 = tsar
24,12,18,2,14 = osier
26,11,20,10,5,12,15 = unclasp
22,26,4,4 = fuzz
12,2,21,26,2,11,20,2 = sequence
25,2,7,12,2,14 = geyser
24,14,11,5,13,2 = ornate
2,10,2,23,2,11,13,1 = eleventh
12,15,18,13 = spit
12,3,5,14,13,2,11 = smarten
2,5,14,10,7 = early
14,24,13,5 = rota
12,2,11,13,2,11,20,2 = sentence
