4,5,11,13,20,12 = carbon
7,20,25,8,22,3 = fought
4,5,16,24,14,15,23 = capsize
4,20,12,8,5 = conga
9,5,11,2,5 = larva
22,5,11,2,23,24,3 = harvest
10,25,14,13,13,9,14,12,8 = quibbling
1,23,5,6,23,24,3 = weakest
26,25,17,8,23 = judge
14,4,14,12,8 = icing
11,23,11,20,25,3,23 = reroute
8,23,19,24,23,11 = geyser
20,17,17,23,24,3 = oddest
4,20,4,6,9,23 = cockle
5,1,12,14,12,8 = awning
11,14,16,23,11 = riper
10,25,5,9,14,3,19 = quality
20,11,14,8,5,18,14 = origami
23,5,8,9,23 = eagle
23,21,22,14,13,14,3,20,11 = exhibitor
20,4,4,25,11 = occur
14,12,26,25,11,23,17 = injured
8,14,12,24,23,12,8 = ginseng
17,23,25,4,23 = deuce
3,20,5,24,3,19 = toasty
17,23,4,23,14,3 = deceit
