18,13,9,24,3,15,10,19,8,12,17,24,2 = grandiloquent
17,10,9,4,2,15,26 = elastic
9,2,19,24,17 = atone
4,11,19,20,17,13,16 = showery
2,17,4,2,16 = testy
9,2,2,15,26 = attic
7,17,13,23,19,13,14 = perform
18,10,19,4,4 = gloss
17,6,17,26,2,19,13 = ejector
13,9,3,15,19,9,26,2,15,5,15,2,16 = radioactivity
17,18,13,17,4,4 = egress
9,12,18,12,13,16 = augury
10,9,16,9,21,19,12,2 = layabout
19,3,3,4 = odds
17,3,15,2 = edit
17,22,26,15,4,15,19,24 = excision
7,10,12,26,1,16 = plucky
7,15,17,13,26,17 = pierce
4,8,12,9,2,2,17,13 = squatter
17,22,15,2 = exit
25,17,13,19 = zero
4,14,19,19,2,11,15,17 = smoothie
4,2,17,17,10,16 = steely
14,9,13,2,16,13 = martyr
