24,2,19,10,15 = sharp
2,19,10,15,6,24,3 = harpist
24,8,8,23,18,26 = seemly
19,10,7 = arc
15,19,24,3,13,10,8 = pasture
2,6,20,8 = hide
10,8,24,7,13,8 = rescue
6,7,8 = ice
3,8,10,23,6,11,13,24 = terminus
8,1,7,6,24,8,20 = excised
24,12,8,19,10 = swear
18,19,16,14,13,10 = labour
23,13,8,24,18,6 = muesli
16,10,19,9,6,8,10 = brazier
24,21,13,19,18,6,20 = squalid
23,19,22,8,24,3,26 = majesty
3,13,3,13 = tutu
18,19,3,3,6,7,8,20 = latticed
24,3,19,6,11 = stain
19,4,6,11 = akin
17,6,10,24,3,18,26 = firstly
16,6,4,6,11,6 = bikini
24,14,18,6,20,18,26 = solidly
20,8,19,20,8,11 = deaden
3,13,10,5,6,20 = turgid
24,18,13,20,5,8 = sludge
8,19,24,8 = ease
7,14,10,5,6 = corgi
19,13,20,6,3,8,20 = audited
3,8,19 = tea
20,8,15,10,6,25,8 = deprive
26,8,19,10,11 = yearn
