24,16,26,10,17,24 = europe
10,14,3,1,20,24 = oblige
11,5,2,16,9,15,24,5 = adjusted
1,14,24,6 = ibex
19,1,5,26,1,23,23 = midriff
23,16,18,18,7 = fuzzy
24,20,26,24,15 = egret
11,21,11,5,24,19,7 = academy
24,3,8,9 = elks
14,1,26,15,12,5,11,7 = birthday
11,13,1,11,15,24 = aviate
9,12,26,24,25,9 = shrews
21,16,26,5,3,1,22,20 = curdling
3,24,13,7 = levy
15,10,23,16 = tofu
26,12,24,10,9,15,11,15 = rheostat
26,24,21,15,1,23,7 = rectify
10,14,10,24,9 = oboes
25,10,26,5,7 = wordy
11,21,15,26,24,9,9 = actress
1,3,3,1,4,16,1,5 = illiquid
12,11,26,8 = hark
11,20,16,24 = ague
18,1,19,14,11,14,25,24 = zimbabwe
