2,25,11,15,1,7 = cartel
1,20,3,6,19,19,1,17 = equipped
5,1,7,6,1,22 = belief
19,11,6,18,12,14,1,11 = prisoner
7,6,1,3 = lieu
5,25,2,8,10,11,12,3,14,17 = background
2,25,23,1,11,25 = camera
18,15,11,12,14,10,7,4 = strongly
1,23,19,26,25,18,6,18 = emphasis
18,2,11,1,16,18 = screws
15,11,6,25,14,10,3,7,25,11 = triangular
13,25,21,21 = jazz
14,6,14,1,15,1,1,14 = nineteen
12,2,2,3,11,18 = occurs
19,11,1,18,1,14,2,1 = presence
11,1,18,6,18,15 = resist
25,23,1,11,6,2,25 = america
23,1,11,11,6,1,11 = merrier
15,11,6,5,3,15,1 = tribute
26,1,25,9,1,14,18 = heavens
7,6,22,1,5,12,25,15,18 = lifeboats
10,11,1,1,14 = green
1,24,19,1,2,15,18 = expects
18,6,7,1,14,2,1 = silence
3,18,6,14,10 = using
11,1,18,1,11,9,12,6,11 = reservoir
19,11,12,14,12,3,14 = pronoun
11,1,13,1,2,15,18 = rejects
1,15,1,11,14,25,7 = eternal
16,6,21,25,11,17,18 = wizards
