20,17,2,16,20 = arena
26,19,23,2,15,25,18 = squelch
4,17,1,10,1,20,15 = trivial
4,20,14,1,26 = taxis
9,16,11,20,17,7,26 = onwards
4,9,16,1,25 = tonic
26,23,3,11,20,12 = subway
18,1,6,20,25,21 = hijack
11,9,15,7,26 = wolds
4,9,2,18,9,15,7 = toehold
9,17,7,2,17 = order
20,16,9,7,12,16,2 = anodyne
13,23,8,8,15,2,7 = guzzled
13,17,2,3,2 = grebe
25,20,24,4,1,9,16,26 = captions
11,17,9,16,13,26 = wrongs
17,2,10,1,2,11 = review
3,23,15,15,7,9,8,2 = bulldoze
26,20,17,1 = sari
17,9,20,5,26 = roams
17,1,15,15 = rill
23,26,2,15,2,26,26 = useless
26,4,17,20,16,7,26 = strands
4,23,22,4 = tuft
4,17,1,25,2 = trice
9,17,13,12 = orgy
13,15,9,14,1,16,1,20 = gloxinia
9,14,12,13,2,16 = oxygen
24,18,12,26,1,25 = physic
21,2,7,13,2,17,2,2 = kedgeree
