4,18,20,20,6 = rabbi
15,14,15,23,4 = odour
3,26,3 = eve
22,4,3,10,23,3,16 = prequel
26,15,16,9,18,2,15 = volcano
9,15,17 = cot
14,3,22,15,4,17 = deport
18,2,17,6 = anti
14,25,3,16,17 = dwelt
15,25,3 = owe
17,18,16,16,24 = tally
18,9,11,3 = ache
11,6,9,9,23,22 = hiccup
2,18,5 = nag
20,18,12,15,15,13,18 = bazooka
14,6,16,3,21,21,18 = dilemma
9,23,4 = cur
3,1,9,3,16 = excel
2,3,4,26,3 = nerve
17,4,15,22,6,9 = tropic
14,4,18,25,20,18,9,13 = drawback
18,20,19,3,2,17,3,3 = absentee
11,18,12,18,4,14 = hazard
16,6,10,23,6,14,6,17,24 = liquidity
8,15,13,3,14 = joked
16,15,16,16,15,22 = lollop
15,16,6,5,18,4,9,11 = oligarch
9,15,2,26,3,4,5,3 = converge
9,23,14,14,16,24 = cuddly
7,4,6,16,16 = frill
19,17,6,22,22,16,6,2,5 = stippling
14,3,17,18,6,2 = detain
16,18,2,14,21,18,4,13 = landmark
14,3,17,15,1,6,7,24 = detoxify
5,4,18,12,3,14 = grazed
