4,10,7,4,10,7 = bonbon
24,22,16,3,17,3 = gilded
25,9,6,17 = hype
1,10,7,5,17,11,11,22 = confetti
11,17,12,11,14,21,17 = texture
10,7,23,17,11 = onset
5,14,11,10,7 = futon
23,6,10,11,11,17,3 = spotted
14,6,13,19,21,26,17,11 = upmarket
20,22,23,19 = visa
6,17,16,16,17,11 = pellet
13,10,16,11,17,7 = molten
3,10,18,9 = dozy
10,4,15,17,1,11,22,10,7,19,4,16,17 = objectionable
14,7,22,1,10,21,7 = unicorn
23,26,22,11,23 = skits
19,24,17,7,11 = agent
19,16,11,17,21,7,19,11,22,20,17,16,9 = alternatively
19,17,23,11,25,17,11,17 = aesthete
17,2,14,22,6,6,17,3 = equipped
23,26,22,11,23 = skits
17,6,22,11,10,13,17 = epitome
23,16,17,8 = slew
