23,17,6,2 = zeta
17,4,9,2,19,7 = embark
11,14,19,2,6,13,19 = curator
2,1,22,8,11 = aspic
1,4,14,21,24,17 = smudge
1,20,13,16,26,2,15,15 = snowfall
2,5,14,8,26,17,19,1 = aquifers
25,17,19,8,26,18 = verify
10,13,8,1,6 = joist
26,2,11,6,14,2,15 = factual
6,3,8,19,1,6 = thirst
17,12,8,6 = exit
19,17,8,4,9,14,19,1,17,4,17,20,6 = reimbursement
11,2,15,2,4,2,19,8 = calamari
21,13,16,20 = down
9,2,11,7,15,13,24 = backlog
19,17,15,2,18 = relay
1,14,2,25,17 = suave
3,2,1,6,8,15,18 = hastily
2,26,2,19 = afar
13,9,6,2,8,20,17,21 = obtained
11,19,2,26,6,1,4,2,20,1,3,8,22 = craftsmanship
