1,10,12,4,13,25,10,21,4,24,6 = bewildering
10,7,20,21,10,11,10 = extreme
14,16,25,22,26 = vodka
2,13,26,23,4,24,6 = playing
10,2,4,3,19 = epics
8,2,17,16,13,25 = uphold
26,25,26,6,4,16 = adagio
24,4,24,10,19 = nines
2,4,14,16,20,26,13 = pivotal
19,15,8,26,25 = squad
25,10,24,4,26,13,19 = denials
21,10,26,25,9,8,19,20,4,24,6 = readjusting
17,10,13,2,18,8,13,24,10,19,19 = helpfulness
26,19,17,10,24 = ashen
8,19,10 = use
12,16,21,21,23 = worry
19,4,25,10,25 = sided
13,10,11,16,24,26,25,10 = lemonade
17,26,5,4,24,10,19,19 = haziness
21,10,14,8,10 = revue
16,21,4,1,4 = oribi
24,16,25 = nod
4,24,6,16,20 = ingot
2,26,19,19,4,16,24,13,10,19,19 = passionless
